100 97
4946
4752
71 29 4946
16 93 4946
48 45 4946
50 91 4946
83 39 4946
44 47 4946
78 45 4946
55 61 4946
29 45 4946
6 61 4946
22 5 4946
25 47 4946
85 61 4946
1 67 4946
18 7 4946
59 45 4946
36 61 4946
52 5 4946
54 51 4946
31 67 4946
64 15 4946
3 5 4946
66 61 4946
98 13 4946
43 77 4946
82 5 4946
17 61 4946
77 75 4946
61 67 4946
94 15 4946
33 5 4946
93 19 4946
10 21 4946
73 77 4946
67 3 4946
12 67 4946
89 21 4946
5 27 4946
79 13 4946
63 5 4946
68 83 4946
40 21 4946
58 75 4946
42 67 4946
80 93 4946
19 83 4946
74 19 4946
51 35 4946
35 27 4946
53 81 4946
86 29 4946
70 21 4946
9 11 4946
47 37 4946
88 75 4946
65 91 4946
49 83 4946
21 21 4946
81 35 4946
83 81 4946
32 35 4946
16 27 4946
95 91 4946
34 81 4946
28 37 4946
27 41 4946
62 35 4946
39 51 4946
23 43 4946
96 33 4946
13 35 4946
25 89 4946
57 41 4946
92 35 4946
69 51 4946
8 41 4946
30 59 4946
87 41 4946
20 51 4946
4 43 4946
64 57 4946
99 51 4946
38 41 4946
76 67 4946
15 57 4946
31 1 4946
50 51 4946
94 57 4946
11 59 4946
43 11 4946
84 49 4946
45 57 4946
77 9 4946
22 73 4946
61 1 4946
79 55 4946
73 11 4946
18 75 4946
12 1 4946
91 65 4946
75 57 4946
52 73 4946
24 11 4946
68 17 4946
86 71 4946
58 9 4946
3 73 4946
42 1 4946
47 79 4946
80 27 4946
19 17 4946
98 81 4946
82 73 4946
21 63 4946
54 11 4946
53 15 4946
88 9 4946
33 73 4946
93 87 4946
65 25 4946
10 89 4946
49 17 4946
26 33 4946
67 71 4946
89 89 4946
83 15 4946
28 79 4946
0 17 4946
60 31 4946
5 95 4946
63 73 4946
95 25 4946
40 89 4946
34 15 4946
39 93 4946
72 41 4946
56 33 4946
74 87 4946
13 77 4946
46 25 4946
35 95 4946
90 31 4946
7 33 4946
70 89 4946
9 79 4946
69 93 4946
41 31 4946
25 23 4946
2 39 4946
20 93 4946
37 33 4946
97 47 4946
14 49 4946
71 31 4946
16 95 4946
48 47 4946
50 93 4946
44 49 4946
76 1 4946
78 47 4946
55 63 4946
27 1 4946
29 47 4946
6 63 4946
22 7 4946
85 63 4946
24 53 4946
57 1 4946
1 69 4946
18 9 4946
59 47 4946
36 63 4946
80 69 4946
52 7 4946
54 53 4946
87 1 4946
86 5 4946
31 69 4946
3 7 4946
66 63 4946
98 15 4946
43 79 4946
82 7 4946
77 77 4946
61 69 4946
33 7 4946
93 21 4946
10 23 4946
67 5 4946
12 69 4946
72 83 4946
89 23 4946
28 13 4946
5 29 4946
46 67 4946
79 15 4946
63 7 4946
68 85 4946
40 23 4946
58 77 4946
42 69 4946
74 21 4946
19 85 4946
51 37 4946
35 29 4946
53 83 4946
70 23 4946
9 13 4946
14 91 4946
47 39 4946
88 77 4946
65 93 4946
49 85 4946
21 23 4946
81 37 4946
20 27 4946
83 83 4946
0 85 4946
32 37 4946
44 91 4946
16 29 4946
76 43 4946
34 83 4946
50 27 4946
27 43 4946
62 37 4946
39 53 4946
23 45 4946
96 35 4946
13 37 4946
25 91 4946
57 43 4946
18 51 4946
92 37 4946
69 53 4946
8 43 4946
30 61 4946
1 3 4946
87 43 4946
4 45 4946
64 59 4946
38 43 4946
98 57 4946
15 59 4946
31 3 4946
94 59 4946
11 61 4946
10 65 4946
43 13 4946
84 51 4946
45 59 4946
77 11 4946
22 75 4946
61 3 4946
79 57 4946
40 65 4946
73 13 4946
12 3 4946
91 67 4946
75 59 4946
52 75 4946
46 1 4946
68 19 4946
86 73 4946
58 11 4946
3 75 4946
70 65 4946
42 3 4946
47 81 4946
19 19 4946
82 75 4946
21 65 4946
53 17 4946
88 11 4946
33 75 4946
93 89 4946
32 79 4946
65 27 4946
49 19 4946
26 35 4946
67 73 4946
89 91 4946
28 81 4946
83 17 4946
60 33 4946
63 75 4946
62 79 4946
95 27 4946
34 17 4946
39 95 4946
56 35 4946
74 89 4946
13 79 4946
90 33 4946
7 35 4946
92 79 4946
9 81 4946
69 95 4946
41 33 4946
25 25 4946
2 41 4946
20 95 4946
4 87 4946
37 35 4946
97 49 4946
14 51 4946
99 95 4946
71 33 4946
48 49 4946
50 95 4946
44 51 4946
43 55 4946
76 3 4946
84 93 4946
78 49 4946
17 39 4946
55 65 4946
29 49 4946
73 55 4946
6 65 4946
22 9 4946
85 65 4946
24 55 4946
1 71 4946
18 11 4946
59 49 4946
91 1 4946
36 65 4946
80 71 4946
52 9 4946
54 55 4946
31 71 4946
86 7 4946
3 9 4946
47 15 4946
65 69 4946
98 17 4946
82 9 4946
77 79 4946
61 71 4946
33 9 4946
93 23 4946
10 25 4946
95 69 4946
67 7 4946
12 71 4946
72 85 4946
89 25 4946
28 15 4946
5 31 4946
46 69 4946
63 9 4946
68 87 4946
7 77 4946
40 25 4946
39 29 4946
58 79 4946
42 71 4946
74 23 4946
19 87 4946
13 13 4946
51 39 4946
35 31 4946
53 85 4946
37 77 4946
70 25 4946
9 15 4946
69 29 4946
14 93 4946
49 87 4946
81 39 4946
20 29 4946
83 85 4946
32 39 4946
44 93 4946
16 31 4946
76 45 4946
34 85 4946
50 29 4946
27 45 4946
11 37 4946
29 91 4946
62 39 4946
23 47 4946
96 37 4946
25 93 4946
57 45 4946
18 53 4946
59 91 4946
92 39 4946
91 43 4946
8 45 4946
30 63 4946
1 5 4946
87 45 4946
4 47 4946
64 61 4946
3 51 4946
80 5 4946
38 45 4946
98 59 4946
15 61 4946
31 5 4946
94 61 4946
33 51 4946
10 67 4946
84 53 4946
45 61 4946
77 13 4946
22 77 4946
89 67 4946
61 5 4946
79 59 4946
63 51 4946
95 3 4946
40 67 4946
12 5 4946
72 19 4946
75 61 4946
52 77 4946
46 3 4946
68 21 4946
86 75 4946
58 13 4946
70 67 4946
42 5 4946
47 83 4946
19 21 4946
82 77 4946
21 67 4946
81 81 4946
53 19 4946
14 27 4946
88 13 4946
93 91 4946
32 81 4946
49 21 4946
26 37 4946
67 75 4946
83 19 4946
28 83 4946
0 21 4946
60 35 4946
44 27 4946
62 81 4946
34 19 4946
56 37 4946
74 91 4946
13 81 4946
90 35 4946
7 37 4946
6 41 4946
92 81 4946
9 83 4946
41 35 4946
25 27 4946
2 43 4946
4 89 4946
97 51 4946
36 41 4946
71 35 4946
48 51 4946
66 41 4946
43 57 4946
84 95 4946
78 51 4946
17 41 4946
55 67 4946
10 1 4946
29 51 4946
73 57 4946
22 11 4946
85 67 4946
24 57 4946
1 73 4946
40 1 4946
58 55 4946
91 3 4946
80 73 4946
52 11 4946
54 57 4946
86 9 4946
31 73 4946
70 1 4946
3 11 4946
47 17 4946
88 55 4946
65 71 4946
82 11 4946
21 1 4946
26 79 4946
77 81 4946
61 73 4946
33 11 4946
93 25 4946
32 15 4946
95 71 4946
67 9 4946
12 73 4946
72 87 4946
56 79 4946
89 27 4946
28 17 4946
5 33 4946
46 71 4946
63 11 4946
68 89 4946
62 15 4946
7 79 4946
39 31 4946
42 73 4946
74 25 4946
19 89 4946
13 15 4946
51 41 4946
35 33 4946
53 87 4946
92 15 4946
37 79 4946
9 17 4946
69 31 4946
14 95 4946
30 39 4946
49 89 4946
48 93 4946
81 41 4946
20 31 4946
4 23 4946
83 87 4946
44 95 4946
99 31 4946
16 33 4946
76 47 4946
34 87 4946
78 93 4946
50 31 4946
27 47 4946
11 39 4946
84 29 4946
29 93 4946
23 49 4946
55 1 4946
96 39 4946
25 95 4946
57 47 4946
6 1 4946
18 55 4946
59 93 4946
91 45 4946
8 47 4946
52 53 4946
85 1 4946
1 7 4946
87 47 4946
64 63 4946
3 53 4946
80 7 4946
38 47 4946
98 61 4946
82 53 4946
15 63 4946
31 7 4946
94 63 4946
33 53 4946
65 5 4946
10 69 4946
45 63 4946
77 15 4946
89 69 4946
61 7 4946
79 61 4946
63 53 4946
40 69 4946
95 5 4946
12 7 4946
72 21 4946
75 63 4946
74 67 4946
46 5 4946
51 83 4946
68 23 4946
7 13 4946
86 77 4946
70 69 4946
42 7 4946
47 85 4946
19 23 4946
21 69 4946
81 83 4946
53 21 4946
37 13 4946
14 29 4946
93 93 4946
32 83 4946
49 23 4946
26 39 4946
67 77 4946
83 21 4946
28 85 4946
60 37 4946
44 29 4946
62 83 4946
34 21 4946
23 91 4946
56 39 4946
55 43 4946
96 81 4946
13 83 4946
90 37 4946
29 27 4946
6 43 4946
92 83 4946
9 85 4946
41 37 4946
25 29 4946
85 43 4946
2 45 4946
59 27 4946
4 91 4946
97 53 4946
36 43 4946
38 89 4946
71 37 4946
48 53 4946
66 43 4946
43 59 4946
78 53 4946
17 43 4946
77 57 4946
10 3 4946
73 59 4946
89 3 4946
22 13 4946
24 59 4946
1 75 4946
40 3 4946
58 57 4946
80 75 4946
19 65 4946
52 13 4946
51 17 4946
54 59 4946
86 11 4946
31 75 4946
70 3 4946
47 19 4946
88 57 4946
65 73 4946
49 65 4946
82 13 4946
21 3 4946
81 17 4946
26 81 4946
61 75 4946
0 65 4946
93 27 4946
32 17 4946
95 73 4946
67 11 4946
12 75 4946
72 89 4946
56 81 4946
28 19 4946
5 35 4946
46 73 4946
68 91 4946
62 17 4946
7 81 4946
39 33 4946
23 25 4946
42 75 4946
41 79 4946
74 27 4946
13 17 4946
35 35 4946
53 89 4946
92 17 4946
37 81 4946
97 95 4946
9 19 4946
69 33 4946
30 41 4946
71 79 4946
48 95 4946
20 33 4946
4 25 4946
83 89 4946
16 35 4946
76 49 4946
34 89 4946
78 95 4946
50 33 4946
27 49 4946
11 41 4946
84 31 4946
29 95 4946
45 39 4946
22 55 4946
55 3 4946
96 41 4946
57 49 4946
18 57 4946
59 95 4946
91 47 4946
75 39 4946
8 49 4946
52 55 4946
1 9 4946
87 49 4946
64 65 4946
3 55 4946
80 9 4946
38 49 4946
98 63 4946
82 55 4946
31 9 4946
94 65 4946
33 55 4946
65 7 4946
10 71 4946
26 15 4946
67 53 4946
77 17 4946
89 71 4946
61 9 4946
79 63 4946
63 55 4946
95 7 4946
40 71 4946
12 9 4946
72 23 4946
56 15 4946
74 69 4946
46 7 4946
51 85 4946
68 25 4946
7 15 4946
86 79 4946
70 71 4946
42 9 4946
47 87 4946
19 25 4946
21 71 4946
81 85 4946
53 23 4946
37 15 4946
14 31 4946
32 85 4946
16 77 4946
49 25 4946
48 29 4946
83 23 4946
28 87 4946
60 39 4946
44 31 4946
62 85 4946
34 23 4946
78 29 4946
23 93 4946
55 45 4946
96 83 4946
13 85 4946
90 39 4946
29 29 4946
6 45 4946
92 85 4946
8 91 4946
41 39 4946
25 31 4946
85 45 4946
2 47 4946
59 29 4946
4 93 4946
97 55 4946
36 45 4946
38 91 4946
71 39 4946
66 45 4946
43 61 4946
17 45 4946
77 59 4946
10 5 4946
73 61 4946
12 51 4946
89 5 4946
24 61 4946
68 67 4946
1 77 4946
40 5 4946
58 59 4946
42 51 4946
80 77 4946
74 3 4946
19 67 4946
51 19 4946
54 61 4946
86 13 4946
31 77 4946
70 5 4946
47 21 4946
88 59 4946
65 75 4946
49 67 4946
21 5 4946
26 83 4946
81 19 4946
61 77 4946
60 81 4946
93 29 4946
32 19 4946
16 11 4946
95 75 4946
34 65 4946
67 13 4946
72 91 4946
56 83 4946
28 21 4946
5 37 4946
46 75 4946
90 81 4946
62 19 4946
7 83 4946
39 35 4946
23 27 4946
41 81 4946
96 17 4946
13 19 4946
2 89 4946
35 37 4946
53 91 4946
92 19 4946
37 83 4946
9 21 4946
69 35 4946
8 25 4946
30 43 4946
71 81 4946
20 35 4946
4 27 4946
83 91 4946
99 35 4946
38 25 4946
76 51 4946
15 41 4946
50 35 4946
94 41 4946
27 51 4946
11 43 4946
84 33 4946
45 41 4946
22 57 4946
57 51 4946
18 59 4946
91 49 4946
75 41 4946
52 57 4946
1 11 4946
87 51 4946
86 55 4946
3 57 4946
80 11 4946
19 1 4946
98 65 4946
82 57 4946
31 11 4946
33 57 4946
93 71 4946
65 9 4946
10 73 4946
49 1 4946
26 17 4946
67 55 4946
89 73 4946
61 11 4946
0 1 4946
5 79 4946
79 65 4946
63 57 4946
95 9 4946
40 73 4946
12 11 4946
72 25 4946
56 17 4946
74 71 4946
46 9 4946
51 87 4946
35 79 4946
68 27 4946
7 17 4946
70 73 4946
9 63 4946
42 11 4946
47 89 4946
41 15 4946
21 73 4946
81 87 4946
53 25 4946
37 17 4946
97 31 4946
14 33 4946
32 87 4946
71 15 4946
16 79 4946
48 31 4946
83 25 4946
28 89 4946
27 93 4946
60 41 4946
44 33 4946
62 87 4946
34 25 4946
23 95 4946
78 31 4946
55 47 4946
96 85 4946
13 87 4946
57 93 4946
90 41 4946
29 31 4946
6 47 4946
92 87 4946
8 93 4946
25 33 4946
85 47 4946
2 49 4946
1 53 4946
87 93 4946
59 31 4946
4 95 4946
36 47 4946
38 93 4946
31 53 4946
64 1 4946
66 47 4946
43 63 4946
17 47 4946
77 61 4946
61 53 4946
94 1 4946
93 5 4946
10 7 4946
73 63 4946
12 53 4946
89 7 4946
24 63 4946
68 69 4946
40 7 4946
58 61 4946
42 53 4946
80 79 4946
19 69 4946
74 5 4946
51 21 4946
54 63 4946
53 67 4946
86 15 4946
70 7 4946
47 23 4946
88 61 4946
65 77 4946
49 69 4946
21 7 4946
81 21 4946
26 85 4946
83 67 4946
0 69 4946
60 83 4946
32 21 4946
16 13 4946
95 77 4946
34 67 4946
72 93 4946
56 85 4946
28 23 4946
5 39 4946
46 77 4946
90 83 4946
62 21 4946
7 85 4946
39 37 4946
23 29 4946
96 19 4946
41 83 4946
13 21 4946
25 75 4946
2 91 4946
92 21 4946
37 85 4946
69 37 4946
8 27 4946
30 45 4946
71 83 4946
87 27 4946
20 37 4946
4 29 4946
64 43 4946
38 27 4946
76 53 4946
15 43 4946
17 89 4946
50 37 4946
94 43 4946
27 53 4946
11 45 4946
84 35 4946
45 43 4946
22 59 4946
79 41 4946
18 61 4946
91 51 4946
75 43 4946
52 59 4946
68 3 4946
1 13 4946
86 57 4946
3 59 4946
80 13 4946
19 3 4946
98 67 4946
82 59 4946
31 13 4946
33 59 4946
93 73 4946
65 11 4946
10 75 4946
49 3 4946
26 19 4946
67 57 4946
89 75 4946
28 65 4946
61 13 4946
60 17 4946
5 81 4946
63 59 4946
95 11 4946
40 75 4946
34 1 4946
72 27 4946
56 19 4946
74 73 4946
46 11 4946
51 89 4946
90 17 4946
35 81 4946
7 19 4946
70 75 4946
9 65 4946
47 91 4946
41 17 4946
2 25 4946
21 75 4946
81 89 4946
20 79 4946
53 27 4946
37 19 4946
97 33 4946
14 35 4946
32 89 4946
71 17 4946
16 81 4946
76 95 4946
48 33 4946
50 79 4946
83 27 4946
27 95 4946
44 35 4946
62 89 4946
78 33 4946
55 49 4946
96 87 4946
13 89 4946
57 95 4946
29 33 4946
6 49 4946
92 89 4946
8 95 4946
25 35 4946
85 49 4946
24 39 4946
1 55 4946
87 95 4946
59 33 4946
36 49 4946
80 55 4946
38 95 4946
54 39 4946
31 55 4946
66 49 4946
98 1 4946
43 65 4946
17 49 4946
77 63 4946
61 55 4946
93 7 4946
10 9 4946
73 65 4946
12 55 4946
72 69 4946
89 9 4946
5 15 4946
46 53 4946
79 1 4946
68 71 4946
40 9 4946
58 63 4946
42 55 4946
74 7 4946
19 71 4946
51 23 4946
35 15 4946
53 69 4946
70 9 4946
47 25 4946
88 63 4946
65 79 4946
49 71 4946
21 9 4946
81 23 4946
26 87 4946
83 69 4946
60 85 4946
32 23 4946
44 77 4946
16 15 4946
95 79 4946
34 69 4946
56 87 4946
50 13 4946
27 29 4946
90 85 4946
62 23 4946
7 87 4946
39 39 4946
23 31 4946
96 21 4946
41 85 4946
13 23 4946
25 77 4946
57 29 4946
2 93 4946
92 23 4946
37 87 4946
36 91 4946
69 39 4946
8 29 4946
30 47 4946
71 85 4946
87 29 4946
4 31 4946
64 45 4946
66 91 4946
99 39 4946
38 29 4946
76 55 4946
15 45 4946
17 91 4946
94 45 4946
11 47 4946
84 37 4946
45 45 4946
22 61 4946
79 43 4946
18 63 4946
91 53 4946
75 45 4946
52 61 4946
68 5 4946
86 59 4946
3 61 4946
47 67 4946
80 15 4946
19 5 4946
82 61 4946
21 51 4946
53 3 4946
33 61 4946
93 75 4946
65 13 4946
10 77 4946
49 5 4946
26 21 4946
67 59 4946
89 77 4946
83 3 4946
28 67 4946
0 5 4946
60 19 4946
5 83 4946
63 61 4946
95 13 4946
40 77 4946
34 3 4946
39 81 4946
72 29 4946
56 21 4946
74 75 4946
13 65 4946
46 13 4946
51 91 4946
35 83 4946
90 19 4946
7 21 4946
70 77 4946
9 67 4946
69 81 4946
41 19 4946
25 11 4946
2 27 4946
81 91 4946
20 81 4946
37 21 4946
97 35 4946
14 37 4946
32 91 4946
71 19 4946
16 83 4946
48 35 4946
50 81 4946
11 89 4946
44 37 4946
43 41 4946
62 91 4946
78 35 4946
17 25 4946
55 51 4946
96 89 4946
29 35 4946
73 41 4946
6 51 4946
91 95 4946
85 51 4946
24 41 4946
1 57 4946
59 35 4946
36 51 4946
80 57 4946
54 41 4946
31 57 4946
66 51 4946
65 55 4946
98 3 4946
77 65 4946
61 57 4946
93 9 4946
10 11 4946
95 55 4946
12 57 4946
72 71 4946
89 11 4946
28 1 4946
5 17 4946
46 55 4946
68 73 4946
7 63 4946
40 11 4946
58 65 4946
42 57 4946
74 9 4946
19 73 4946
51 25 4946
35 17 4946
53 71 4946
37 63 4946
70 11 4946
9 1 4946
14 79 4946
47 27 4946
88 65 4946
49 73 4946
81 25 4946
26 89 4946
20 15 4946
83 71 4946
0 73 4946
60 87 4946
32 25 4946
44 79 4946
16 17 4946
76 31 4946
34 71 4946
56 89 4946
50 15 4946
27 31 4946
90 87 4946
29 77 4946
62 25 4946
6 93 4946
39 41 4946
23 33 4946
96 23 4946
41 87 4946
25 79 4946
85 93 4946
57 31 4946
2 95 4946
18 39 4946
59 77 4946
92 25 4946
36 93 4946
69 41 4946
8 31 4946
30 49 4946
71 87 4946
87 31 4946
4 33 4946
64 47 4946
66 93 4946
38 31 4946
98 45 4946
15 47 4946
17 93 4946
94 47 4946
11 49 4946
10 53 4946
43 1 4946
84 39 4946
45 47 4946
22 63 4946
79 45 4946
40 53 4946
73 1 4946
72 5 4946
75 47 4946
52 63 4946
68 7 4946
86 61 4946
70 53 4946
3 63 4946
47 69 4946
19 7 4946
82 63 4946
21 53 4946
53 5 4946
14 13 4946
33 63 4946
93 77 4946
32 67 4946
65 15 4946
49 7 4946
26 23 4946
67 61 4946
89 79 4946
28 69 4946
83 5 4946
60 21 4946
5 85 4946
44 13 4946
63 63 4946
62 67 4946
95 15 4946
34 5 4946
39 83 4946
56 23 4946
74 77 4946
13 67 4946
51 93 4946
90 21 4946
35 85 4946
7 23 4946
6 27 4946
92 67 4946
9 69 4946
69 83 4946
41 21 4946
25 13 4946
30 91 4946
2 29 4946
81 93 4946
20 83 4946
4 75 4946
37 23 4946
97 37 4946
36 27 4946
99 83 4946
71 21 4946
16 85 4946
48 37 4946
50 83 4946
66 27 4946
11 91 4946
43 43 4946
84 81 4946
78 37 4946
17 27 4946
55 53 4946
96 91 4946
29 37 4946
73 43 4946
85 53 4946
24 43 4946
1 59 4946
59 37 4946
58 41 4946
80 59 4946
54 43 4946
31 59 4946
47 3 4946
88 41 4946
65 57 4946
77 67 4946
61 59 4946
0 49 4946
93 11 4946
10 13 4946
95 57 4946
12 59 4946
72 73 4946
89 13 4946
28 3 4946
5 19 4946
46 57 4946
68 75 4946
7 65 4946
40 13 4946
39 17 4946
42 59 4946
74 11 4946
19 75 4946
13 1 4946
51 27 4946
35 19 4946
53 73 4946
37 65 4946
9 3 4946
69 17 4946
14 81 4946
49 75 4946
81 27 4946
26 91 4946
20 17 4946
83 73 4946
60 89 4946
32 27 4946
44 81 4946
16 19 4946
76 33 4946
34 73 4946
78 79 4946
50 17 4946
55 95 4946
27 33 4946
11 25 4946
90 89 4946
29 79 4946
6 95 4946
23 35 4946
96 25 4946
41 89 4946
25 81 4946
85 95 4946
57 33 4946
18 41 4946
59 79 4946
91 31 4946
36 95 4946
8 33 4946
30 51 4946
71 89 4946
87 33 4946
4 35 4946
64 49 4946
3 39 4946
66 95 4946
38 33 4946
98 47 4946
15 49 4946
17 95 4946
94 49 4946
33 39 4946
10 55 4946
45 49 4946
77 1 4946
22 65 4946
89 55 4946
79 47 4946
63 39 4946
40 55 4946
72 7 4946
75 49 4946
52 65 4946
51 69 4946
68 9 4946
86 63 4946
58 1 4946
70 55 4946
47 71 4946
19 9 4946
82 65 4946
21 55 4946
81 69 4946
53 7 4946
14 15 4946
88 1 4946
93 79 4946
32 69 4946
49 9 4946
26 25 4946
67 63 4946
83 7 4946
28 71 4946
0 9 4946
60 23 4946
5 87 4946
44 15 4946
62 69 4946
34 7 4946
39 85 4946
23 77 4946
56 25 4946
55 29 4946
74 79 4946
13 69 4946
90 23 4946
35 87 4946
29 13 4946
6 29 4946
92 69 4946
9 71 4946
69 85 4946
41 23 4946
25 15 4946
85 29 4946
30 93 4946
2 31 4946
20 85 4946
59 13 4946
4 77 4946
97 39 4946
36 29 4946
71 23 4946
16 87 4946
15 91 4946
48 39 4946
50 85 4946
66 29 4946
11 93 4946
43 45 4946
84 83 4946
45 91 4946
78 39 4946
17 29 4946
77 43 4946
96 93 4946
73 45 4946
75 91 4946
24 45 4946
1 61 4946
58 43 4946
80 61 4946
54 45 4946
31 61 4946
47 5 4946
88 43 4946
65 59 4946
49 51 4946
26 67 4946
61 61 4946
93 13 4946
32 3 4946
95 59 4946
12 61 4946
72 75 4946
56 67 4946
89 15 4946
28 5 4946
5 21 4946
46 59 4946
68 77 4946
62 3 4946
7 67 4946
39 19 4946
42 61 4946
74 13 4946
13 3 4946
51 29 4946
35 21 4946
53 75 4946
92 3 4946
37 67 4946
9 5 4946
69 19 4946
14 83 4946
30 27 4946
71 65 4946
48 81 4946
81 29 4946
20 19 4946
4 11 4946
83 75 4946
60 91 4946
44 83 4946
99 19 4946
16 21 4946
76 35 4946
34 75 4946
78 81 4946
50 19 4946
27 35 4946
11 27 4946
90 91 4946
84 17 4946
29 81 4946
23 37 4946
22 41 4946
96 27 4946
25 83 4946
57 35 4946
18 43 4946
59 81 4946
91 33 4946
8 35 4946
52 41 4946
87 35 4946
64 51 4946
3 41 4946
38 35 4946
98 49 4946
82 41 4946
15 51 4946
94 51 4946
33 41 4946
10 57 4946
45 51 4946
77 3 4946
89 57 4946
79 49 4946
63 41 4946
40 57 4946
72 9 4946
56 1 4946
75 51 4946
74 55 4946
51 71 4946
68 11 4946
7 1 4946
86 65 4946
70 57 4946
47 73 4946
19 11 4946
21 57 4946
81 71 4946
53 9 4946
37 1 4946
14 17 4946
93 81 4946
32 71 4946
16 63 4946
49 11 4946
48 15 4946
67 65 4946
83 9 4946
28 73 4946
60 25 4946
5 89 4946
44 17 4946
62 71 4946
34 9 4946
39 87 4946
78 15 4946
23 79 4946
55 31 4946
96 69 4946
13 71 4946
90 25 4946
35 89 4946
29 15 4946
6 31 4946
92 71 4946
9 73 4946
69 87 4946
8 77 4946
41 25 4946
25 17 4946
30 95 4946
85 31 4946
2 33 4946
20 87 4946
59 15 4946
4 79 4946
64 93 4946
97 41 4946
36 31 4946
99 87 4946
38 77 4946
71 25 4946
15 93 4946
50 87 4946
94 93 4946
66 31 4946
11 95 4946
43 47 4946
84 85 4946
45 93 4946
17 31 4946
77 45 4946
73 47 4946
22 1 4946
75 93 4946
24 47 4946
1 63 4946
58 45 4946
42 37 4946
80 63 4946
19 53 4946
52 1 4946
51 5 4946
54 47 4946
31 63 4946
47 7 4946
88 45 4946
65 61 4946
49 53 4946
82 1 4946
81 5 4946
26 69 4946
61 63 4946
0 53 4946
93 15 4946
32 5 4946
95 61 4946
72 77 4946
56 69 4946
28 7 4946
5 23 4946
46 61 4946
68 79 4946
62 5 4946
7 69 4946
39 21 4946
23 13 4946
41 67 4946
74 15 4946
13 5 4946
35 23 4946
53 77 4946
92 5 4946
37 69 4946
97 83 4946
9 7 4946
69 21 4946
14 85 4946
30 29 4946
71 67 4946
48 83 4946
20 21 4946
4 13 4946
83 77 4946
60 93 4946
44 85 4946
16 23 4946
76 37 4946
15 27 4946
78 83 4946
50 21 4946
27 37 4946
11 29 4946
84 19 4946
29 83 4946
45 27 4946
22 43 4946
96 29 4946
25 85 4946
57 37 4946
18 45 4946
59 83 4946
91 35 4946
75 27 4946
8 37 4946
52 43 4946
87 37 4946
64 53 4946
3 43 4946
38 37 4946
98 51 4946
82 43 4946
94 53 4946
33 43 4946
93 57 4946
10 59 4946
26 3 4946
67 41 4946
89 59 4946
5 65 4946
79 51 4946
63 43 4946
40 59 4946
72 11 4946
56 3 4946
74 57 4946
51 73 4946
35 65 4946
68 13 4946
7 3 4946
86 67 4946
70 59 4946
9 49 4946
47 75 4946
41 1 4946
21 59 4946
81 73 4946
53 11 4946
37 3 4946
14 19 4946
32 73 4946
71 1 4946
16 65 4946
48 17 4946
83 11 4946
28 75 4946
27 79 4946
60 27 4946
44 19 4946
62 73 4946
34 11 4946
39 89 4946
23 81 4946
78 17 4946
55 33 4946
96 71 4946
13 73 4946
57 79 4946
90 27 4946
29 17 4946
6 33 4946
92 73 4946
69 89 4946
8 79 4946
25 19 4946
85 33 4946
2 35 4946
87 79 4946
20 89 4946
59 17 4946
4 81 4946
64 95 4946
36 33 4946
38 79 4946
15 95 4946
50 89 4946
94 95 4946
66 33 4946
43 49 4946
84 87 4946
45 95 4946
17 33 4946
77 47 4946
79 93 4946
73 49 4946
12 39 4946
75 95 4946
24 49 4946
68 55 4946
1 65 4946
58 47 4946
42 39 4946
80 65 4946
19 55 4946
51 7 4946
54 49 4946
86 1 4946
31 65 4946
47 9 4946
88 47 4946
65 63 4946
49 55 4946
26 71 4946
81 7 4946
60 69 4946
93 17 4946
32 7 4946
95 63 4946
34 53 4946
67 1 4946
72 79 4946
56 71 4946
28 9 4946
5 25 4946
46 63 4946
90 69 4946
62 7 4946
7 71 4946
39 23 4946
23 15 4946
41 69 4946
96 5 4946
13 7 4946
2 77 4946
35 25 4946
53 79 4946
92 7 4946
37 71 4946
97 85 4946
9 9 4946
69 23 4946
14 87 4946
8 13 4946
30 31 4946
71 69 4946
48 85 4946
20 23 4946
4 15 4946
64 29 4946
99 23 4946
44 87 4946
38 13 4946
76 39 4946
15 29 4946
78 85 4946
50 23 4946
94 29 4946
27 39 4946
11 31 4946
84 21 4946
29 85 4946
45 29 4946
22 45 4946
25 87 4946
24 91 4946
57 39 4946
18 47 4946
59 85 4946
91 37 4946
75 29 4946
52 45 4946
54 91 4946
87 39 4946
86 43 4946
3 45 4946
98 53 4946
82 45 4946
33 45 4946
93 59 4946
10 61 4946
26 5 4946
67 43 4946
89 61 4946
28 51 4946
5 67 4946
79 53 4946
63 45 4946
40 61 4946
72 13 4946
56 5 4946
74 59 4946
51 75 4946
90 3 4946
35 67 4946
7 5 4946
70 61 4946
9 51 4946
47 77 4946
41 3 4946
21 61 4946
81 75 4946
20 65 4946
53 13 4946
37 5 4946
97 19 4946
14 21 4946
32 75 4946
71 3 4946
16 67 4946
76 81 4946
48 19 4946
50 65 4946
83 13 4946
27 81 4946
44 21 4946
62 75 4946
39 91 4946
78 19 4946
23 83 4946
55 35 4946
96 73 4946
13 75 4946
57 81 4946
29 19 4946
6 35 4946
92 75 4946
69 91 4946
8 81 4946
25 21 4946
85 35 4946
2 37 4946
1 41 4946
87 81 4946
59 19 4946
4 83 4946
36 35 4946
99 91 4946
38 81 4946
98 95 4946
31 41 4946
66 35 4946
43 51 4946
84 89 4946
17 35 4946
77 49 4946
61 41 4946
79 95 4946
73 51 4946
12 41 4946
5 1 4946
24 51 4946
68 57 4946
58 49 4946
42 41 4946
80 67 4946
19 57 4946
51 9 4946
35 1 4946
53 55 4946
86 3 4946
47 11 4946
88 49 4946
65 65 4946
49 57 4946
81 9 4946
26 73 4946
83 55 4946
0 57 4946
60 71 4946
32 9 4946
16 1 4946
95 65 4946
34 55 4946
72 81 4946
56 73 4946
28 11 4946
27 15 4946
46 65 4946
90 71 4946
62 9 4946
7 73 4946
39 25 4946
23 17 4946
96 7 4946
41 71 4946
13 9 4946
25 63 4946
57 15 4946
2 79 4946
92 9 4946
37 73 4946
97 87 4946
69 25 4946
14 89 4946
8 15 4946
30 33 4946
71 71 4946
48 87 4946
87 15 4946
20 25 4946
4 17 4946
64 31 4946
44 89 4946
38 15 4946
43 93 4946
76 41 4946
15 31 4946
78 87 4946
17 77 4946
50 25 4946
94 31 4946
11 33 4946
84 23 4946
29 87 4946
73 93 4946
45 31 4946
22 47 4946
79 29 4946
24 93 4946
18 49 4946
59 87 4946
91 39 4946
75 31 4946
52 47 4946
1 1 4946
54 93 4946
86 45 4946
3 47 4946
47 53 4946
80 1 4946
98 55 4946
82 47 4946
21 37 4946
33 47 4946
93 61 4946
10 63 4946
26 7 4946
67 45 4946
89 63 4946
28 53 4946
60 5 4946
5 69 4946
63 47 4946
40 63 4946
72 15 4946
56 7 4946
74 61 4946
13 51 4946
51 77 4946
35 69 4946
90 5 4946
7 7 4946
70 63 4946
9 53 4946
69 67 4946
41 5 4946
2 13 4946
81 77 4946
20 67 4946
37 7 4946
97 21 4946
14 23 4946
99 67 4946
32 77 4946
71 5 4946
16 69 4946
76 83 4946
48 21 4946
50 67 4946
27 83 4946
44 23 4946
62 77 4946
78 21 4946
23 85 4946
55 37 4946
96 75 4946
57 83 4946
29 21 4946
6 37 4946
18 91 4946
92 77 4946
91 81 4946
8 83 4946
85 37 4946
24 27 4946
1 43 4946
87 83 4946
59 21 4946
4 85 4946
36 37 4946
80 43 4946
38 83 4946
54 27 4946
31 43 4946
66 37 4946
43 53 4946
84 91 4946
17 37 4946
77 51 4946
61 43 4946
63 89 4946
73 53 4946
12 43 4946
72 57 4946
5 3 4946
46 41 4946
68 59 4946
58 51 4946
42 43 4946
19 59 4946
51 11 4946
35 3 4946
53 57 4946
14 65 4946
47 13 4946
88 51 4946
65 67 4946
49 59 4946
81 11 4946
26 75 4946
20 1 4946
83 57 4946
60 73 4946
32 11 4946
44 65 4946
16 3 4946
76 17 4946
95 67 4946
34 57 4946
56 75 4946
50 1 4946
27 17 4946
90 73 4946
62 11 4946
7 75 4946
6 79 4946
39 27 4946
23 19 4946
96 9 4946
41 73 4946
13 11 4946
25 65 4946
57 17 4946
2 81 4946
18 25 4946
37 75 4946
92 11 4946
97 89 4946
36 79 4946
69 27 4946
8 17 4946
30 35 4946
71 73 4946
48 89 4946
87 17 4946
4 19 4946
64 33 4946
66 79 4946
99 27 4946
38 17 4946
43 95 4946
98 31 4946
15 33 4946
78 89 4946
17 79 4946
94 33 4946
11 35 4946
84 25 4946
29 89 4946
73 95 4946
45 33 4946
22 49 4946
79 31 4946
24 95 4946
40 39 4946
59 89 4946
58 93 4946
91 41 4946
75 33 4946
52 49 4946
54 95 4946
86 47 4946
70 39 4946
3 49 4946
47 55 4946
80 3 4946
88 93 4946
82 49 4946
21 39 4946
33 49 4946
93 63 4946
32 53 4946
65 1 4946
26 9 4946
67 47 4946
89 65 4946
28 55 4946
60 7 4946
5 71 4946
63 49 4946
62 53 4946
95 1 4946
39 69 4946
72 17 4946
56 9 4946
74 63 4946
13 53 4946
51 79 4946
90 7 4946
35 71 4946
7 9 4946
92 53 4946
9 55 4946
69 69 4946
41 7 4946
2 15 4946
81 79 4946
20 69 4946
37 9 4946
97 23 4946
14 25 4946
71 7 4946
16 71 4946
76 85 4946
48 23 4946
50 69 4946
27 85 4946
11 77 4946
44 25 4946
43 29 4946
84 67 4946
78 23 4946
23 87 4946
17 13 4946
55 39 4946
96 77 4946
57 85 4946
29 23 4946
73 29 4946
6 39 4946
18 93 4946
91 83 4946
8 85 4946
85 39 4946
24 29 4946
1 45 4946
87 85 4946
59 23 4946
3 91 4946
36 39 4946
80 45 4946
38 85 4946
54 29 4946
31 45 4946
33 91 4946
66 39 4946
65 43 4946
77 53 4946
61 45 4946
63 91 4946
95 43 4946
12 45 4946
72 59 4946
5 5 4946
46 43 4946
68 61 4946
7 51 4946
39 3 4946
58 53 4946
42 45 4946
19 61 4946
51 13 4946
35 5 4946
53 59 4946
37 51 4946
69 3 4946
14 67 4946
88 53 4946
49 61 4946
81 13 4946
26 77 4946
20 3 4946
83 59 4946
0 61 4946
60 75 4946
99 3 4946
32 13 4946
44 67 4946
16 5 4946
76 19 4946
34 59 4946
56 77 4946
50 3 4946
55 81 4946
27 19 4946
11 11 4946
90 75 4946
29 65 4946
62 13 4946
6 81 4946
23 21 4946
96 11 4946
41 75 4946
25 67 4946
85 81 4946
57 19 4946
2 83 4946
18 27 4946
59 65 4946
92 13 4946
97 91 4946
91 17 4946
36 81 4946
8 19 4946
30 37 4946
71 75 4946
48 91 4946
87 19 4946
4 21 4946
64 35 4946
66 81 4946
38 19 4946
98 33 4946
15 35 4946
78 91 4946
17 81 4946
77 95 4946
94 35 4946
33 25 4946
10 41 4946
84 27 4946
45 35 4946
89 41 4946
22 51 4946
79 33 4946
63 25 4946
40 41 4946
58 95 4946
75 35 4946
52 51 4946
86 49 4946
70 41 4946
47 57 4946
88 95 4946
82 51 4946
21 41 4946
14 1 4946
93 65 4946
32 55 4946
65 3 4946
26 11 4946
67 49 4946
28 57 4946
60 9 4946
5 73 4946
44 1 4946
62 55 4946
39 71 4946
56 11 4946
74 65 4946
13 55 4946
51 81 4946
90 9 4946
35 73 4946
7 11 4946
6 15 4946
92 55 4946
9 57 4946
69 71 4946
41 9 4946
25 1 4946
30 79 4946
2 17 4946
20 71 4946
4 63 4946
37 11 4946
97 25 4946
36 15 4946
99 71 4946
71 9 4946
16 73 4946
76 87 4946
48 25 4946
50 71 4946
27 87 4946
66 15 4946
11 79 4946
43 31 4946
84 69 4946
78 25 4946
23 89 4946
17 15 4946
22 93 4946
55 41 4946
96 79 4946
57 87 4946
29 25 4946
73 31 4946
18 95 4946
91 85 4946
8 87 4946
52 93 4946
85 41 4946
24 31 4946
1 47 4946
87 87 4946
59 25 4946
58 29 4946
3 93 4946
80 47 4946
38 87 4946
82 93 4946
54 31 4946
31 47 4946
88 29 4946
33 93 4946
65 45 4946
26 53 4946
77 55 4946
61 47 4946
0 37 4946
63 93 4946
95 45 4946
12 47 4946
72 61 4946
56 53 4946
89 1 4946
5 7 4946
46 45 4946
68 63 4946
7 53 4946
39 5 4946
42 47 4946
19 63 4946
51 15 4946
35 7 4946
53 61 4946
37 53 4946
69 5 4946
14 69 4946
49 63 4946
48 67 4946
81 15 4946
20 5 4946
83 61 4946
60 77 4946
44 69 4946
16 7 4946
76 21 4946
34 61 4946
78 67 4946
50 5 4946
55 83 4946
27 21 4946
11 13 4946
90 77 4946
84 3 4946
29 67 4946
6 83 4946
23 23 4946
96 13 4946
41 77 4946
25 69 4946
85 83 4946
57 21 4946
2 85 4946
18 29 4946
59 67 4946
97 93 4946
36 83 4946
91 19 4946
8 21 4946
71 77 4946
87 21 4946
64 37 4946
3 27 4946
66 83 4946
38 21 4946
98 35 4946
82 27 4946
15 37 4946
17 83 4946
94 37 4946
33 27 4946
10 43 4946
12 89 4946
45 37 4946
89 43 4946
22 53 4946
79 35 4946
63 27 4946
40 43 4946
42 89 4946
75 37 4946
74 41 4946
51 57 4946
86 51 4946
70 43 4946
47 59 4946
21 43 4946
81 57 4946
14 3 4946
93 67 4946
32 57 4946
26 13 4946
67 51 4946
28 59 4946
60 11 4946
5 75 4946
44 3 4946
62 57 4946
39 73 4946
23 65 4946
56 13 4946
55 17 4946
96 55 4946
13 57 4946
90 11 4946
35 75 4946
29 1 4946
6 17 4946
92 57 4946
9 59 4946
69 73 4946
41 11 4946
25 3 4946
85 17 4946
30 81 4946
2 19 4946
20 73 4946
59 1 4946
4 65 4946
97 27 4946
36 17 4946
71 11 4946
16 75 4946
76 89 4946
15 79 4946
48 27 4946
50 73 4946
27 89 4946
66 17 4946
11 81 4946
43 33 4946
84 71 4946
45 79 4946
78 27 4946
17 17 4946
77 31 4946
22 95 4946
57 89 4946
73 33 4946
91 87 4946
75 79 4946
8 89 4946
52 95 4946
24 33 4946
1 49 4946
87 89 4946
58 31 4946
3 95 4946
80 49 4946
19 39 4946
82 95 4946
54 33 4946
31 49 4946
88 31 4946
33 95 4946
65 47 4946
49 39 4946
26 55 4946
67 93 4946
61 49 4946
93 1 4946
63 95 4946
95 47 4946
12 49 4946
72 63 4946
56 55 4946
5 9 4946
46 47 4946
68 65 4946
7 55 4946
39 7 4946
42 49 4946
41 53 4946
74 1 4946
35 9 4946
53 63 4946
37 55 4946
97 69 4946
69 7 4946
14 71 4946
30 15 4946
71 53 4946
48 69 4946
20 7 4946
83 63 4946
60 79 4946
44 71 4946
99 7 4946
16 9 4946
76 23 4946
34 63 4946
78 69 4946
50 7 4946
55 85 4946
27 23 4946
11 15 4946
90 79 4946
84 5 4946
29 69 4946
6 85 4946
22 29 4946
96 15 4946
25 71 4946
85 85 4946
57 23 4946
2 87 4946
18 31 4946
59 69 4946
91 21 4946
36 85 4946
75 13 4946
8 23 4946
52 29 4946
87 23 4946
31 91 4946
64 39 4946
3 29 4946
66 85 4946
38 23 4946
98 37 4946
82 29 4946
15 39 4946
17 85 4946
61 91 4946
94 39 4946
33 29 4946
10 45 4946
67 27 4946
12 91 4946
89 45 4946
79 37 4946
63 29 4946
40 45 4946
42 91 4946
74 43 4946
51 59 4946
86 53 4946
70 45 4946
47 61 4946
21 45 4946
81 59 4946
14 5 4946
93 69 4946
32 59 4946
16 51 4946
48 3 4946
28 61 4946
60 13 4946
5 77 4946
44 5 4946
62 59 4946
39 75 4946
78 3 4946
23 67 4946
55 19 4946
96 57 4946
13 59 4946
90 13 4946
35 77 4946
29 3 4946
6 19 4946
92 59 4946
9 61 4946
69 75 4946
8 65 4946
41 13 4946
25 5 4946
30 83 4946
85 19 4946
2 21 4946
20 75 4946
59 3 4946
4 67 4946
64 81 4946
97 29 4946
36 19 4946
99 75 4946
38 65 4946
71 13 4946
76 91 4946
15 81 4946
50 75 4946
94 81 4946
27 91 4946
66 19 4946
11 83 4946
43 35 4946
84 73 4946
45 81 4946
17 19 4946
77 33 4946
57 91 4946
73 35 4946
12 25 4946
91 89 4946
75 81 4946
24 35 4946
68 41 4946
1 51 4946
87 91 4946
86 95 4946
58 33 4946
42 25 4946
80 51 4946
19 41 4946
54 35 4946
31 51 4946
88 33 4946
65 49 4946
49 41 4946
26 57 4946
67 95 4946
61 51 4946
0 41 4946
60 55 4946
93 3 4946
95 49 4946
34 39 4946
72 65 4946
56 57 4946
5 11 4946
46 49 4946
90 55 4946
7 57 4946
39 9 4946
23 1 4946
41 55 4946
2 63 4946
35 11 4946
53 65 4946
37 57 4946
97 71 4946
69 9 4946
14 73 4946
30 17 4946
71 55 4946
48 71 4946
20 9 4946
4 1 4946
83 65 4946
44 73 4946
76 25 4946
15 15 4946
78 71 4946
50 9 4946
55 87 4946
27 25 4946
11 17 4946
84 7 4946
29 71 4946
6 87 4946
45 15 4946
22 31 4946
25 73 4946
85 87 4946
24 77 4946
57 25 4946
1 93 4946
18 33 4946
59 71 4946
91 23 4946
36 87 4946
75 15 4946
52 31 4946
54 77 4946
87 25 4946
31 93 4946
64 41 4946
3 31 4946
66 87 4946
98 39 4946
82 31 4946
17 87 4946
61 93 4946
33 31 4946
93 45 4946
10 47 4946
67 29 4946
12 93 4946
89 47 4946
5 53 4946
46 91 4946
79 39 4946
63 31 4946
40 47 4946
42 93 4946
74 45 4946
51 61 4946
35 53 4946
68 1 4946
70 47 4946
9 37 4946
47 63 4946
21 47 4946
81 61 4946
97 5 4946
14 7 4946
32 61 4946
16 53 4946
48 5 4946
28 63 4946
27 67 4946
60 15 4946
44 7 4946
62 61 4946
39 77 4946
23 69 4946
78 5 4946
55 21 4946
96 59 4946
13 61 4946
57 67 4946
90 15 4946
29 5 4946
6 21 4946
92 61 4946
69 77 4946
8 67 4946
25 7 4946
85 21 4946
30 85 4946
2 23 4946
1 27 4946
20 77 4946
87 67 4946
59 5 4946
4 69 4946
64 83 4946
36 21 4946
38 67 4946
76 93 4946
15 83 4946
31 27 4946
50 77 4946
94 83 4946
66 21 4946
11 85 4946
43 37 4946
84 75 4946
45 83 4946
17 21 4946
77 35 4946
61 27 4946
79 81 4946
73 37 4946
12 27 4946
91 91 4946
75 83 4946
24 37 4946
68 43 4946
58 35 4946
42 27 4946
80 53 4946
19 43 4946
21 89 4946
54 37 4946
53 41 4946
88 35 4946
65 51 4946
49 43 4946
26 59 4946
83 41 4946
60 57 4946
95 51 4946
34 41 4946
72 67 4946
56 59 4946
5 13 4946
46 51 4946
90 57 4946
7 59 4946
39 11 4946
23 3 4946
41 57 4946
25 49 4946
2 65 4946
35 13 4946
37 59 4946
97 73 4946
69 11 4946
14 75 4946
8 1 4946
30 19 4946
71 57 4946
48 73 4946
20 11 4946
4 3 4946
64 17 4946
99 11 4946
44 75 4946
38 1 4946
76 27 4946
15 17 4946
78 73 4946
17 63 4946
50 11 4946
55 89 4946
94 17 4946
27 27 4946
11 19 4946
84 9 4946
29 73 4946
73 79 4946
6 89 4946
45 17 4946
22 33 4946
85 89 4946
24 79 4946
57 27 4946
1 95 4946
18 35 4946
59 73 4946
91 25 4946
36 89 4946
75 17 4946
80 95 4946
52 33 4946
54 79 4946
86 31 4946
31 95 4946
3 33 4946
66 89 4946
98 41 4946
82 33 4946
61 95 4946
33 33 4946
93 47 4946
10 49 4946
95 93 4946
67 31 4946
12 95 4946
89 49 4946
28 39 4946
5 55 4946
46 93 4946
63 33 4946
40 49 4946
72 1 4946
42 95 4946
74 47 4946
51 63 4946
35 55 4946
70 49 4946
9 39 4946
47 65 4946
21 49 4946
81 63 4946
20 53 4946
53 1 4946
97 7 4946
14 9 4946
32 63 4946
16 55 4946
76 69 4946
48 7 4946
50 53 4946
83 1 4946
27 69 4946
44 9 4946
62 63 4946
39 79 4946
78 7 4946
23 71 4946
55 23 4946
96 61 4946
13 63 4946
57 69 4946
29 7 4946
6 23 4946
18 77 4946
92 63 4946
69 79 4946
8 69 4946
25 9 4946
85 23 4946
30 87 4946
24 13 4946
1 29 4946
87 69 4946
59 7 4946
4 71 4946
64 85 4946
36 23 4946
80 29 4946
99 79 4946
38 69 4946
98 83 4946
15 85 4946
54 13 4946
31 29 4946
94 85 4946
66 23 4946
11 87 4946
10 91 4946
43 39 4946
84 77 4946
45 85 4946
17 23 4946
77 37 4946
61 29 4946
79 83 4946
40 91 4946
73 39 4946
12 29 4946
72 43 4946
91 93 4946
75 85 4946
46 27 4946
68 45 4946
58 37 4946
70 91 4946
42 29 4946
19 45 4946
21 91 4946
53 43 4946
88 37 4946
65 53 4946
49 45 4946
26 61 4946
83 43 4946
0 45 4946
60 59 4946
95 53 4946
34 43 4946
56 61 4946
27 3 4946
90 59 4946
7 61 4946
39 13 4946
23 5 4946
41 59 4946
25 51 4946
57 3 4946
2 67 4946
37 61 4946
97 75 4946
69 13 4946
14 77 4946
8 3 4946
30 21 4946
71 59 4946
48 75 4946
87 3 4946
20 13 4946
4 5 4946
64 19 4946
66 65 4946
38 3 4946
43 81 4946
76 29 4946
15 19 4946
78 75 4946
17 65 4946
55 91 4946
94 19 4946
11 21 4946
84 11 4946
29 75 4946
73 81 4946
6 91 4946
45 19 4946
22 35 4946
85 91 4946
79 17 4946
24 81 4946
18 37 4946
59 75 4946
91 27 4946
75 19 4946
52 35 4946
54 81 4946
86 33 4946
3 35 4946
47 41 4946
88 79 4946
65 95 4946
98 43 4946
82 35 4946
21 25 4946
33 35 4946
93 49 4946
10 51 4946
95 95 4946
67 33 4946
89 51 4946
28 41 4946
5 57 4946
46 95 4946
63 35 4946
40 51 4946
39 55 4946
72 3 4946
74 49 4946
13 39 4946
51 65 4946
35 57 4946
70 51 4946
9 41 4946
69 55 4946
2 1 4946
81 65 4946
20 55 4946
97 9 4946
14 11 4946
99 55 4946
32 65 4946
16 57 4946
76 71 4946
48 9 4946
50 55 4946
27 71 4946
11 63 4946
44 11 4946
43 15 4946
62 65 4946
78 9 4946
23 73 4946
55 25 4946
96 63 4946
57 71 4946
29 9 4946
73 15 4946
6 25 4946
18 79 4946
92 65 4946
91 69 4946
8 71 4946
85 25 4946
30 89 4946
24 15 4946
1 31 4946
87 71 4946
59 9 4946
4 73 4946
64 87 4946
3 77 4946
36 25 4946
80 31 4946
38 71 4946
98 85 4946
15 87 4946
54 15 4946
31 31 4946
94 87 4946
33 77 4946
66 25 4946
65 29 4946
10 93 4946
84 79 4946
45 87 4946
77 39 4946
89 93 4946
61 31 4946
79 85 4946
63 77 4946
95 29 4946
40 93 4946
12 31 4946
72 45 4946
75 87 4946
46 29 4946
68 47 4946
58 39 4946
70 93 4946
42 31 4946
19 47 4946
21 93 4946
53 45 4946
37 37 4946
14 53 4946
47 1 4946
88 39 4946
49 47 4946
26 63 4946
83 45 4946
60 61 4946
44 53 4946
76 5 4946
34 45 4946
56 63 4946
27 5 4946
90 61 4946
6 67 4946
39 15 4946
23 7 4946
41 61 4946
25 53 4946
57 5 4946
2 69 4946
18 13 4946
59 51 4946
97 77 4946
36 67 4946
69 15 4946
8 5 4946
30 23 4946
71 61 4946
48 77 4946
87 5 4946
4 7 4946
64 21 4946
66 67 4946
99 15 4946
38 5 4946
43 83 4946
98 19 4946
15 21 4946
78 77 4946
17 67 4946
55 93 4946
94 21 4946
11 23 4946
10 27 4946
84 13 4946
73 83 4946
45 21 4946
22 37 4946
79 19 4946
24 83 4946
40 27 4946
58 81 4946
91 29 4946
75 21 4946
52 37 4946
54 83 4946
86 35 4946
70 27 4946
3 37 4946
47 43 4946
88 81 4946
82 37 4946
21 27 4946
0 89 4946
33 37 4946
93 51 4946
32 41 4946
67 35 4946
89 53 4946
28 43 4946
5 59 4946
63 37 4946
62 41 4946
39 57 4946
74 51 4946
13 41 4946
51 67 4946
35 59 4946
92 41 4946
9 43 4946
69 57 4946
30 65 4946
2 3 4946
81 67 4946
20 57 4946
4 49 4946
97 11 4946
36 1 4946
16 59 4946
76 73 4946
48 11 4946
50 57 4946
27 73 4946
66 1 4946
11 65 4946
43 17 4946
84 55 4946
78 11 4946
23 75 4946
17 1 4946
22 79 4946
55 27 4946
96 65 4946
57 73 4946
29 11 4946
73 17 4946
18 81 4946
91 71 4946
8 73 4946
52 79 4946
85 27 4946
24 17 4946
1 33 4946
87 73 4946
59 11 4946
64 89 4946
58 15 4946
3 79 4946
80 33 4946
38 73 4946
98 87 4946
82 79 4946
15 89 4946
54 17 4946
31 33 4946
94 89 4946
88 15 4946
33 79 4946
65 31 4946
10 95 4946
45 89 4946
77 41 4946
89 95 4946
61 33 4946
79 87 4946
63 79 4946
40 95 4946
95 31 4946
12 33 4946
72 47 4946
75 89 4946
74 93 4946
46 31 4946
68 49 4946
7 39 4946
70 95 4946
42 33 4946
19 49 4946
51 1 4946
21 95 4946
53 47 4946
37 39 4946
14 55 4946
49 49 4946
81 1 4946
26 65 4946
83 47 4946
60 63 4946
32 1 4946
44 55 4946
76 7 4946
34 47 4946
56 65 4946
55 69 4946
27 7 4946
90 63 4946
29 53 4946
62 1 4946
6 69 4946
23 9 4946
41 63 4946
25 55 4946
85 69 4946
57 7 4946
2 71 4946
18 15 4946
59 53 4946
92 1 4946
97 79 4946
91 5 4946
36 69 4946
8 7 4946
30 25 4946
71 63 4946
48 79 4946
87 7 4946
4 9 4946
64 23 4946
3 13 4946
66 69 4946
38 7 4946
43 85 4946
98 21 4946
15 23 4946
17 69 4946
77 83 4946
94 23 4946
33 13 4946
10 29 4946
84 15 4946
73 85 4946
45 23 4946
89 29 4946
22 39 4946
79 21 4946
24 85 4946
63 13 4946
40 29 4946
58 83 4946
75 23 4946
19 91 4946
52 39 4946
51 43 4946
54 85 4946
86 37 4946
70 29 4946
47 45 4946
88 83 4946
49 91 4946
82 39 4946
21 29 4946
81 43 4946
93 53 4946
32 43 4946
67 37 4946
28 45 4946
5 61 4946
62 43 4946
39 59 4946
23 51 4946
74 53 4946
13 43 4946
35 61 4946
6 3 4946
92 43 4946
9 45 4946
69 59 4946
85 3 4946
30 67 4946
2 5 4946
20 59 4946
4 51 4946
97 13 4946
36 3 4946
99 59 4946
16 61 4946
76 75 4946
15 65 4946
48 13 4946
50 59 4946
27 75 4946
66 3 4946
11 67 4946
43 19 4946
84 57 4946
45 65 4946
78 13 4946
17 3 4946
22 81 4946
96 67 4946
57 75 4946
73 19 4946
18 83 4946
91 73 4946
75 65 4946
8 75 4946
52 81 4946
24 19 4946
1 35 4946
87 75 4946
64 91 4946
58 17 4946
3 81 4946
80 35 4946
38 75 4946
98 89 4946
82 81 4946
54 19 4946
31 35 4946
94 91 4946
88 17 4946
33 81 4946
93 95 4946
65 33 4946
26 41 4946
67 79 4946
61 35 4946
0 25 4946
79 89 4946
63 81 4946
95 33 4946
12 35 4946
72 49 4946
56 41 4946
74 95 4946
46 33 4946
68 51 4946
7 41 4946
9 87 4946
42 35 4946
19 51 4946
51 3 4946
53 49 4946
37 41 4946
14 57 4946
30 1 4946
48 55 4946
81 3 4946
83 49 4946
60 65 4946
44 57 4946
76 9 4946
34 49 4946
78 55 4946
55 71 4946
27 9 4946
11 1 4946
90 65 4946
29 55 4946
6 71 4946
23 11 4946
22 15 4946
41 65 4946
96 1 4946
25 57 4946
85 71 4946
57 9 4946
2 73 4946
18 17 4946
59 55 4946
97 81 4946
36 71 4946
91 7 4946
8 9 4946
52 15 4946
87 9 4946
64 25 4946
3 15 4946
66 71 4946
38 9 4946
98 23 4946
43 87 4946
82 15 4946
15 25 4946
17 71 4946
77 85 4946
94 25 4946
33 15 4946
10 31 4946
73 87 4946
12 77 4946
45 25 4946
89 31 4946
79 23 4946
24 87 4946
63 15 4946
68 93 4946
40 31 4946
58 85 4946
42 77 4946
75 25 4946
74 29 4946
19 93 4946
51 45 4946
54 87 4946
86 39 4946
70 31 4946
47 47 4946
88 85 4946
49 93 4946
21 31 4946
81 45 4946
0 93 4946
93 55 4946
32 45 4946
16 37 4946
26 1 4946
34 91 4946
67 39 4946
28 47 4946
5 63 4946
62 45 4946
39 61 4946
23 53 4946
55 5 4946
96 43 4946
13 45 4946
35 63 4946
6 5 4946
92 45 4946
9 47 4946
69 61 4946
8 51 4946
30 69 4946
85 5 4946
2 7 4946
20 61 4946
4 53 4946
64 67 4946
97 15 4946
36 5 4946
38 51 4946
76 77 4946
15 67 4946
50 61 4946
94 67 4946
27 77 4946
66 5 4946
11 69 4946
43 21 4946
84 59 4946
45 67 4946
17 5 4946
22 83 4946
77 19 4946
57 77 4946
73 21 4946
18 85 4946
91 75 4946
75 67 4946
52 83 4946
24 21 4946
1 37 4946
87 77 4946
86 81 4946
58 19 4946
3 83 4946
80 37 4946
19 27 4946
98 91 4946
82 83 4946
54 21 4946
31 37 4946
88 19 4946
33 83 4946
65 35 4946
49 27 4946
26 43 4946
67 81 4946
61 37 4946
79 91 4946
63 83 4946
95 35 4946
12 37 4946
72 51 4946
56 43 4946
46 35 4946
68 53 4946
7 43 4946
9 89 4946
41 41 4946
53 51 4946
37 43 4946
97 57 4946
14 59 4946
30 3 4946
71 41 4946
48 57 4946
83 51 4946
60 67 4946
44 59 4946
76 11 4946
15 1 4946
34 51 4946
78 57 4946
55 73 4946
27 11 4946
11 3 4946
90 67 4946
29 57 4946
6 73 4946
45 1 4946
22 17 4946
96 3 4946
25 59 4946
85 73 4946
57 11 4946
2 75 4946
1 79 4946
18 19 4946
59 57 4946
91 9 4946
36 73 4946
75 1 4946
8 11 4946
52 17 4946
87 11 4946
31 79 4946
64 27 4946
3 17 4946
66 73 4946
38 11 4946
98 25 4946
43 89 4946
82 17 4946
17 73 4946
77 87 4946
61 79 4946
94 27 4946
33 17 4946
93 31 4946
10 33 4946
73 89 4946
67 15 4946
12 79 4946
89 33 4946
79 25 4946
24 89 4946
63 17 4946
68 95 4946
40 33 4946
58 87 4946
42 79 4946
19 95 4946
74 31 4946
51 47 4946
35 39 4946
54 89 4946
53 93 4946
86 41 4946
70 33 4946
9 23 4946
47 49 4946
88 87 4946
49 95 4946
21 33 4946
81 47 4946
83 93 4946
32 47 4946
16 39 4946
34 93 4946
28 49 4946
60 1 4946
62 47 4946
39 63 4946
23 55 4946
55 7 4946
96 45 4946
13 47 4946
57 53 4946
90 1 4946
6 7 4946
92 47 4946
69 63 4946
8 53 4946
30 71 4946
85 7 4946
2 9 4946
87 53 4946
20 63 4946
4 55 4946
64 69 4946
97 17 4946
36 7 4946
99 63 4946
38 53 4946
76 79 4946
15 69 4946
50 63 4946
94 69 4946
66 7 4946
11 71 4946
43 23 4946
84 61 4946
45 69 4946
17 7 4946
22 85 4946
77 21 4946
79 67 4946
73 23 4946
18 87 4946
12 13 4946
91 77 4946
75 69 4946
52 85 4946
24 23 4946
68 29 4946
1 39 4946
86 83 4946
58 21 4946
3 85 4946
42 13 4946
80 39 4946
19 29 4946
98 93 4946
82 85 4946
54 23 4946
31 39 4946
88 21 4946
33 85 4946
65 37 4946
49 29 4946
26 45 4946
67 83 4946
28 91 4946
61 39 4946
0 29 4946
60 43 4946
63 85 4946
95 37 4946
34 27 4946
72 53 4946
56 45 4946
46 37 4946
90 43 4946
7 45 4946
9 91 4946
41 43 4946
2 51 4946
53 53 4946
37 45 4946
97 59 4946
14 61 4946
30 5 4946
71 43 4946
48 59 4946
64 3 4946
83 53 4946
44 61 4946
76 13 4946
15 3 4946
78 59 4946
55 75 4946
94 3 4946
27 13 4946
11 5 4946
29 59 4946
6 75 4946
45 3 4946
22 19 4946
25 61 4946
85 75 4946
24 65 4946
57 13 4946
1 81 4946
18 21 4946
59 59 4946
91 11 4946
36 75 4946
75 3 4946
80 81 4946
52 19 4946
54 65 4946
87 13 4946
86 17 4946
31 81 4946
3 19 4946
66 75 4946
98 27 4946
43 91 4946
82 19 4946
17 75 4946
77 89 4946
61 81 4946
33 19 4946
93 33 4946
10 35 4946
73 91 4946
67 17 4946
12 81 4946
72 95 4946
89 35 4946
28 25 4946
5 41 4946
46 79 4946
79 27 4946
63 19 4946
40 35 4946
58 89 4946
42 81 4946
74 33 4946
51 49 4946
35 41 4946
53 95 4946
70 35 4946
9 25 4946
47 51 4946
88 89 4946
21 35 4946
81 49 4946
20 39 4946
83 95 4946
32 49 4946
16 41 4946
34 95 4946
50 39 4946
27 55 4946
60 3 4946
62 49 4946
39 65 4946
23 57 4946
55 9 4946
96 47 4946
13 49 4946
57 55 4946
6 9 4946
92 49 4946
69 65 4946
8 55 4946
85 9 4946
30 73 4946
2 11 4946
1 15 4946
87 55 4946
4 57 4946
64 71 4946
36 9 4946
38 55 4946
98 69 4946
15 71 4946
31 15 4946
94 71 4946
66 9 4946
11 73 4946
43 25 4946
84 63 4946
45 71 4946
17 9 4946
77 23 4946
22 87 4946
61 15 4946
79 69 4946
73 25 4946
18 89 4946
12 15 4946
91 79 4946
75 71 4946
52 87 4946
24 25 4946
68 31 4946
86 85 4946
58 23 4946
3 87 4946
42 15 4946
47 93 4946
80 41 4946
19 31 4946
82 87 4946
21 77 4946
54 25 4946
53 29 4946
88 23 4946
33 87 4946
65 39 4946
49 31 4946
26 47 4946
67 85 4946
83 29 4946
28 93 4946
60 45 4946
63 87 4946
95 39 4946
34 29 4946
72 55 4946
56 47 4946
13 91 4946
46 39 4946
90 45 4946
7 47 4946
92 91 4946
9 93 4946
41 45 4946
25 37 4946
2 53 4946
37 47 4946
97 61 4946
14 63 4946
30 7 4946
71 45 4946
48 61 4946
64 5 4946
44 63 4946
43 67 4946
76 15 4946
15 5 4946
78 61 4946
17 51 4946
55 77 4946
94 5 4946
11 7 4946
29 61 4946
73 67 4946
6 77 4946
45 5 4946
22 21 4946
85 77 4946
79 3 4946
24 67 4946
1 83 4946
18 23 4946
59 61 4946
91 13 4946
36 77 4946
75 5 4946
80 83 4946
52 21 4946
54 67 4946
31 83 4946
86 19 4946
3 21 4946
66 77 4946
65 81 4946
98 29 4946
82 21 4946
21 11 4946
77 91 4946
61 83 4946
33 21 4946
93 35 4946
10 37 4946
95 81 4946
67 19 4946
12 83 4946
89 37 4946
28 27 4946
5 43 4946
46 81 4946
63 21 4946
7 89 4946
40 37 4946
58 91 4946
42 83 4946
74 35 4946
13 25 4946
51 51 4946
35 43 4946
37 89 4946
70 37 4946
9 27 4946
88 91 4946
81 51 4946
20 41 4946
32 51 4946
16 43 4946
76 57 4946
50 41 4946
27 57 4946
62 51 4946
39 67 4946
23 59 4946
55 11 4946
96 49 4946
57 57 4946
6 11 4946
18 65 4946
92 51 4946
91 55 4946
8 57 4946
85 11 4946
30 75 4946
24 1 4946
1 17 4946
87 57 4946
4 59 4946
64 73 4946
36 11 4946
80 17 4946
38 57 4946
98 71 4946
15 73 4946
54 1 4946
31 17 4946
94 73 4946
66 11 4946
11 75 4946
10 79 4946
43 27 4946
84 65 4946
45 73 4946
17 11 4946
77 25 4946
22 89 4946
61 17 4946
79 71 4946
40 79 4946
73 27 4946
12 17 4946
72 31 4946
75 73 4946
52 89 4946
46 15 4946
68 33 4946
86 87 4946
58 25 4946
3 89 4946
70 79 4946
42 17 4946
47 95 4946
19 33 4946
82 89 4946
21 79 4946
53 31 4946
14 39 4946
33 89 4946
88 25 4946
32 93 4946
65 41 4946
49 33 4946
26 49 4946
67 87 4946
28 95 4946
83 31 4946
0 33 4946
60 47 4946
44 39 4946
62 93 4946
95 41 4946
34 31 4946
56 49 4946
13 93 4946
90 47 4946
7 49 4946
6 53 4946
39 1 4946
92 93 4946
9 95 4946
41 47 4946
25 39 4946
2 55 4946
37 49 4946
97 63 4946
36 53 4946
69 1 4946
30 9 4946
71 47 4946
48 63 4946
64 7 4946
66 53 4946
43 69 4946
98 5 4946
15 7 4946
78 63 4946
17 53 4946
55 79 4946
94 7 4946
11 9 4946
29 63 4946
73 69 4946
45 7 4946
22 23 4946
85 79 4946
79 5 4946
24 69 4946
1 85 4946
59 63 4946
58 67 4946
91 15 4946
75 7 4946
80 85 4946
52 23 4946
54 69 4946
86 21 4946
31 85 4946
70 13 4946
3 23 4946
47 29 4946
88 67 4946
65 83 4946
82 23 4946
21 13 4946
77 93 4946
61 85 4946
33 23 4946
93 37 4946
10 39 4946
95 83 4946
67 21 4946
12 85 4946
56 91 4946
89 39 4946
28 29 4946
5 45 4946
46 83 4946
63 23 4946
62 27 4946
7 91 4946
39 43 4946
42 85 4946
74 37 4946
13 27 4946
51 53 4946
35 45 4946
92 27 4946
37 91 4946
9 29 4946
69 43 4946
81 53 4946
20 43 4946
99 43 4946
16 45 4946
76 59 4946
50 43 4946
27 59 4946
11 51 4946
43 3 4946
84 41 4946
23 61 4946
55 13 4946
96 51 4946
57 59 4946
73 3 4946
6 13 4946
18 67 4946
91 57 4946
8 59 4946
85 13 4946
30 77 4946
24 3 4946
1 19 4946
87 59 4946
4 61 4946
64 75 4946
3 65 4946
36 13 4946
80 19 4946
38 59 4946
98 73 4946
15 75 4946
54 3 4946
31 19 4946
94 75 4946
33 65 4946
66 13 4946
65 17 4946
10 81 4946
45 75 4946
77 27 4946
22 91 4946
89 81 4946
61 19 4946
79 73 4946
63 65 4946
95 17 4946
40 81 4946
12 19 4946
72 33 4946
75 75 4946
52 91 4946
46 17 4946
51 95 4946
68 35 4946
7 25 4946
86 89 4946
58 27 4946
70 81 4946
42 19 4946
19 35 4946
82 91 4946
21 81 4946
81 95 4946
53 33 4946
37 25 4946
14 41 4946
88 27 4946
32 95 4946
49 35 4946
26 51 4946
67 89 4946
83 33 4946
60 49 4946
44 41 4946
62 95 4946
34 33 4946
56 51 4946
55 55 4946
13 95 4946
90 49 4946
29 39 4946
6 55 4946
92 95 4946
41 49 4946
25 41 4946
85 55 4946
2 57 4946
18 1 4946
59 39 4946
97 65 4946
36 55 4946
30 11 4946
71 49 4946
48 65 4946
64 9 4946
66 55 4946
43 71 4946
98 7 4946
15 9 4946
78 65 4946
17 55 4946
77 69 4946
94 9 4946
10 15 4946
84 1 4946
73 71 4946
45 9 4946
22 25 4946
79 7 4946
24 71 4946
1 87 4946
40 15 4946
58 69 4946
75 9 4946
80 87 4946
19 77 4946
52 25 4946
54 71 4946
86 23 4946
31 87 4946
70 15 4946
3 25 4946
47 31 4946
88 69 4946
65 85 4946
49 77 4946
82 25 4946
21 15 4946
26 93 4946
61 87 4946
0 77 4946
93 39 4946
32 29 4946
95 85 4946
67 23 4946
12 87 4946
56 93 4946
28 31 4946
5 47 4946
46 85 4946
62 29 4946
7 93 4946
39 45 4946
42 87 4946
41 91 4946
74 39 4946
13 29 4946
51 55 4946
35 47 4946
92 29 4946
37 93 4946
9 31 4946
69 45 4946
30 53 4946
71 91 4946
81 55 4946
20 45 4946
4 37 4946
16 47 4946
76 61 4946
50 45 4946
27 61 4946
11 53 4946
43 5 4946
84 43 4946
23 63 4946
22 67 4946
55 15 4946
96 53 4946
57 61 4946
73 5 4946
18 69 4946
91 59 4946
8 61 4946
52 67 4946
85 15 4946
24 5 4946
1 21 4946
87 61 4946
64 77 4946
58 3 4946
3 67 4946
80 21 4946
38 61 4946
98 75 4946
82 67 4946
15 77 4946
54 5 4946
31 21 4946
94 77 4946
88 3 4946
33 67 4946
65 19 4946
10 83 4946
26 27 4946
45 77 4946
77 29 4946
89 83 4946
61 21 4946
79 75 4946
63 67 4946
40 83 4946
95 19 4946
12 21 4946
72 35 4946
56 27 4946
75 77 4946
74 81 4946
46 19 4946
68 37 4946
7 27 4946
86 91 4946
70 83 4946
42 21 4946
19 37 4946
21 83 4946
53 35 4946
37 27 4946
14 43 4946
16 89 4946
49 37 4946
48 41 4946
67 91 4946
83 35 4946
60 51 4946
44 43 4946
34 35 4946
78 41 4946
55 57 4946
96 95 4946
90 51 4946
29 41 4946
6 57 4946
41 51 4946
25 43 4946
85 57 4946
2 59 4946
18 3 4946
59 41 4946
97 67 4946
36 57 4946
30 13 4946
71 51 4946
64 11 4946
3 1 4946
66 57 4946
98 9 4946
43 73 4946
15 11 4946
17 57 4946
77 71 4946
94 11 4946
33 1 4946
10 17 4946
73 73 4946
12 63 4946
45 11 4946
89 17 4946
22 27 4946
79 9 4946
24 73 4946
63 1 4946
1 89 4946
40 17 4946
58 71 4946
42 63 4946
75 11 4946
80 89 4946
19 79 4946
52 27 4946
51 31 4946
54 73 4946
86 25 4946
31 89 4946
70 17 4946
47 33 4946
88 71 4946
65 87 4946
49 79 4946
21 17 4946
81 31 4946
26 95 4946
61 89 4946
93 41 4946
32 31 4946
95 87 4946
34 77 4946
67 25 4946
56 95 4946
28 33 4946
5 49 4946
46 87 4946
90 93 4946
62 31 4946
7 95 4946
39 47 4946
23 39 4946
41 93 4946
13 31 4946
35 49 4946
92 31 4946
37 95 4946
9 33 4946
69 47 4946
30 55 4946
71 93 4946
20 47 4946
4 39 4946
97 1 4946
99 47 4946
16 49 4946
76 63 4946
15 53 4946
48 1 4946
50 47 4946
27 63 4946
11 55 4946
43 7 4946
84 45 4946
45 53 4946
78 1 4946
77 5 4946
22 69 4946
57 63 4946
73 7 4946
18 71 4946
91 61 4946
75 53 4946
8 63 4946
52 69 4946
24 7 4946
1 23 4946
87 63 4946
64 79 4946
58 5 4946
3 69 4946
80 23 4946
19 13 4946
38 63 4946
98 77 4946
82 69 4946
54 7 4946
31 23 4946
94 79 4946
88 5 4946
33 69 4946
93 83 4946
65 21 4946
10 85 4946
49 13 4946
26 29 4946
67 67 4946
89 85 4946
61 23 4946
0 13 4946
5 91 4946
79 77 4946
63 69 4946
95 21 4946
40 85 4946
12 23 4946
72 37 4946
56 29 4946
74 83 4946
46 21 4946
35 91 4946
68 39 4946
7 29 4946
86 93 4946
70 85 4946
9 75 4946
42 23 4946
41 27 4946
21 85 4946
53 37 4946
37 29 4946
97 43 4946
14 45 4946
71 27 4946
16 91 4946
48 43 4946
83 37 4946
60 53 4946
44 45 4946
34 37 4946
78 43 4946
55 59 4946
90 53 4946
29 43 4946
6 59 4946
22 3 4946
25 45 4946
85 59 4946
2 61 4946
18 5 4946
59 43 4946
36 59 4946
52 3 4946
64 13 4946
3 3 4946
66 59 4946
98 11 4946
43 75 4946
82 3 4946
15 13 4946
17 59 4946
77 73 4946
61 65 4946
94 13 4946
33 3 4946
10 19 4946
73 75 4946
12 65 4946
45 13 4946
89 19 4946
79 11 4946
24 75 4946
63 3 4946
68 81 4946
1 91 4946
40 19 4946
58 73 4946
42 65 4946
80 91 4946
74 17 4946
19 81 4946
51 33 4946
54 75 4946
86 27 4946
70 19 4946
47 35 4946
88 73 4946
65 89 4946
49 81 4946
21 19 4946
81 33 4946
83 79 4946
0 81 4946
60 95 4946
93 43 4946
32 33 4946
16 25 4946
95 89 4946
34 79 4946
28 35 4946
5 51 4946
46 89 4946
90 95 4946
62 33 4946
39 49 4946
23 41 4946
96 31 4946
41 95 4946
13 33 4946
35 51 4946
92 33 4946
9 35 4946
69 49 4946
8 39 4946
30 57 4946
71 95 4946
20 49 4946
4 41 4946
64 55 4946
97 3 4946
38 39 4946
76 65 4946
15 55 4946
50 49 4946
94 55 4946
27 65 4946
11 57 4946
43 9 4946
84 47 4946
45 55 4946
22 71 4946
77 7 4946
57 65 4946
73 9 4946
18 73 4946
91 63 4946
75 55 4946
52 71 4946
24 9 4946
68 15 4946
1 25 4946
87 65 4946
86 69 4946
58 7 4946
3 71 4946
80 25 4946
19 15 4946
98 79 4946
82 71 4946
54 9 4946
31 25 4946
88 7 4946
33 71 4946
93 85 4946
65 23 4946
10 87 4946
49 15 4946
26 31 4946
67 69 4946
89 87 4946
28 77 4946
61 25 4946
60 29 4946
5 93 4946
79 79 4946
63 71 4946
95 23 4946
40 87 4946
34 13 4946
72 39 4946
56 31 4946
74 85 4946
46 23 4946
90 29 4946
35 93 4946
7 31 4946
70 87 4946
9 77 4946
41 29 4946
21 87 4946
20 91 4946
53 39 4946
37 31 4946
97 45 4946
14 47 4946